******************************
Grid for 2nd Question is 
******************************
----------------------------------------------------------------------------------------------------
         -3.22          |         -2.72          |          0.12          |         59.13          |
 -3.17           -3.27  | -2.77           -5.79  | -0.53            56.9  | 46.35           52.58  |
         -3.23          |         -36.37         |         -0.44          |          48.8          |
----------------------------------------------------------------------------------------------------
         -3.64          |         -1.62          |         29.94          |          52.7          |
 -3.62           -19.61 | -1.73           32.87  | -20.64           42.5  | 37.21           41.87  |
         13.41          |         -1.68          |         30.16          |         36.63          |
----------------------------------------------------------------------------------------------------
          7.08          |         -10.36         |         32.79          |         41.54          |
 14.46           18.87  | 16.79           25.31  |  22.4           25.43  |  29.1           32.28  |
         11.15          |         20.41          |         23.07          |          33.1          |
----------------------------------------------------------------------------------------------------
         14.33          |          0.0           |         26.98          |          0.0           |
 12.49           12.45  |  0.0             0.0   | 22.74           20.49  |  0.0             0.0   |
          9.74          |          0.0           |         17.45          |          0.0           |
----------------------------------------------------------------------------------------------------
         10.51          |         12.23          |         20.91          |         -4.05          |
  9.55           12.62  | 11.16           15.93  | 13.31           13.28  | 15.38           -3.62  |
          9.87          |         12.01          |         16.13          |         -3.95          |
----------------------------------------------------------------------------------------------------
******************************
Grid for 3rd Question is 
******************************
----------------------------------------------------------------------------------------------------
          0.0           |          0.06          |          1.18          |         63.25          |
  0.0             0.0   |  0.0            -10.63 |  0.0            56.65  | 51.35           54.84  |
          1.34          |         -46.5          |          0.0           |         53.61          |
----------------------------------------------------------------------------------------------------
          0.0           |          0.32          |         35.92          |         59.11          |
  0.0            -40.13 |  0.1            38.83  | -14.87          49.61  | 41.98           43.16  |
         24.15          |          1.59          |         35.94          |         41.46          |
----------------------------------------------------------------------------------------------------
         22.21          |         -8.95          |         40.72          |         47.23          |
 21.91           26.71  | 25.59           33.63  | 30.22            31.5  | 31.64           39.65  |
         21.58          |         28.33          |         29.24          |         36.52          |
----------------------------------------------------------------------------------------------------
         22.56          |          0.0           |         29.38          |          0.0           |
 19.71           19.79  |  0.0             0.0   | 25.37           17.69  |  0.0             0.0   |
         19.09          |          0.0           |         13.69          |          0.0           |
----------------------------------------------------------------------------------------------------
         19.55          |         15.77          |         22.62          |          0.0           |
 17.85           16.19  |  0.84            0.13  |  0.0             0.0   |  0.0             0.0   |
         17.88          |          0.03          |          0.0           |          0.0           |
----------------------------------------------------------------------------------------------------
